<?xml version="1.0" encoding="UTF-8" standalone="no" ?>
<SimMechanicsImportXML version="1.0" xmlns="urn:mathworks:simmechanics:import" xmlns:xsi="http://www.w3.org/2001/XMLSchema-instance">
<Created by="laca" on="03/29/15||19:26:29" using="SimMechanics Link Version 4.4" from="Autodesk Inventor 2015 SP1 (Build 190203100, 203)"/>
<ModelUnits mass="gram" length="millimeter"/>
<DataUnits mass="kilogram" length="centimeter"/>
<RootAssembly name="RobotMechanika.iam (LevelofDetail1)" uid="RobotMechanika.iam (LevelofDetail1)_D3E18064-4B37-B75B-90A1-E9A980C1BB97" version="{4234376F-C186-B81D-1C4D-EDF30152E179}">
<AssemblyFile name="RobotMechanika.iam" type="Inventor Assembly"/>
<InstanceTree>
<Instance name="RobotAlvaz:2" grounded="true" uid="RobotAlvaz:2" entityUid="RobotAlvaz.ipt_0B111939-40CD-B719-4C3D-F28D7CEAF48F">
<Transform>
<Rotation>0.018328612467488681 -0.99760105845027913 -0.066754701286870693 0.99928528081277357 0.020485393224026274 -0.031769107878433164 0.03306039195095975 -0.066124706754282003 0.99726352266625418</Rotation>
<Translation>78.815950888090271 -70.450763585609295 18.634084306131847</Translation>
</Transform>
</Instance>
<Instance name="KarMerev:1" uid="KarMerev:1" entityUid="KarMerev.iam_2E8240F6-4637-0C8C-4DEA-7B88AEE5B33C" rigid="true">
<Transform>
<Rotation>-0.30397879160667579 0.95032404413703708 0.066941059062235825 0.95217117792824413 0.3007723651327196 0.053907627430698761 0.031095693851136103 0.080126122503820119 -0.99629958462121815</Rotation>
<Translation>48.569695731642824 71.56784253377802 9.0625124660694905</Translation>
</Transform>
<Instance name="NagyKerek:1" grounded="true" uid="NagyKerek:1" entityUid="NagyKerek.ipt_0D8A366C-48C6-B62C-3AAC-4290D213B281">
<Transform>
<Rotation>0.77639692626322976 -0.62989251835559379 -0.021052985750810559 0.62990405031176022 0.77664219428635295 -0.006912991779468039 0.020705078851125228 -0.0078941354267274555 0.99975446102331589</Rotation>
<Translation>-28.595656809432448 5.2687599819365687 -10.956981707408165</Translation>
</Transform>
</Instance>
<Instance name="KissKerek:1" uid="KissKerek:1" entityUid="KissKerek.ipt_0D8A366C-48C6-B62C-3AAC-4290D213B281">
<Transform>
<Rotation>-0.33523610169189444 0.94189889474092847 0.021052985750814702 0.94213399217837523 0.33516525972642019 0.0069129917794695794 -0.00054489012075270571 0.022152217927858299 -0.9997544610235144</Rotation>
<Translation>12.664012957980937 -12.858181996029515 -7.1127099500376261</Translation>
</Transform>
</Instance>
<Instance name="6001 BEARING:1" uid="6001 BEARING:1" entityUid="6001 BEARING.iam_26F9CBA9-42B5-92C7-05C4-9E82945F1FE2">
<Transform>
<Rotation>0.94943541643106666 -0.31396073604359376 -0.0010228634490154452 -0.31363510732960853 -0.94858935060476068 0.042558939952340766 -0.014332113487525652 -0.040086158988892763 -0.99909343425966257</Rotation>
<Translation>-5.686457272439803 17.353979360217991 0.1979772019604642</Translation>
</Transform>
<Instance name="6001 Outer_1" uid="6001 Outer_1" entityUid="6001 Outer.ipt_9495D21A-4D42-188C-D2B7-509EC4485D7D">
<Transform>
<Rotation>0.53928196703565079 0.84151138378838808 0.03214888776981456 -0.84210841154264382 0.53863655047108683 0.026908914989445282 0.0053275922792134708 -0.041584341418940962 0.99912079315244995</Rotation>
<Translation>-18.012764847935049 18.926060168184179 4.0597478279995203</Translation>
</Transform>
</Instance>
<Instance name="6001 Inner_2" uid="6001 Inner_2" entityUid="6001 Inner.ipt_1E93801D-429C-A587-22E7-3B9A44ED163B">
<Transform>
<Rotation>0.95767901630886554 0.28603732402449267 0.0321488877697289 -0.28691085520425735 0.95757927685297928 0.026908914989424479 -0.023088154666216908 -0.034993968120912614 0.99912079315127322</Rotation>
<Translation>-18.011800381301885 18.926867435633909 4.0897214517944773</Translation>
</Transform>
</Instance>
<Instance name="6001 Guide_3" uid="6001 Guide_3" entityUid="6001 Guide.ipt_CFE3FACB-4DD8-743D-BA66-D0B8B2BD4905">
<Transform>
<Rotation>0.96819681766023002 -0.248115640957742 -0.03214888776976469 -0.24899242136882166 -0.96813154291919978 -0.02690891498943597 -0.024447829629592875 0.034057955269566148 -0.99912079315235824</Rotation>
<Translation>-18.012443359057293 18.926329257334089 4.0697390359310708</Translation>
</Transform>
</Instance>
<Instance name="6001 Guide_4" uid="6001 Guide_4" entityUid="6001 Guide.ipt_CFE3FACB-4DD8-743D-BA66-D0B8B2BD4905">
<Transform>
<Rotation>0.9681968176601935 0.2481156409577272 0.03214888776976392 -0.24899242136881206 0.96813154291922809 0.026908914989435317 -0.024447829629585787 -0.034057955269565808 0.99912079315233471</Rotation>
<Translation>-18.012443300168027 18.926329306624979 4.0697408660876659</Translation>
</Transform>
</Instance>
<Instance name="6001 Ball_5" uid="6001 Ball_5" entityUid="6001 Ball.ipt_9632FE24-441F-6EE5-2601-439B336BD3F0">
<Transform>
<Rotation>-0.99952107374671373 0.0017309829398785609 -0.030897036011916332 0.002808609738550372 0.9993879535800585 -0.034868753210714129 0.030817768374691731 -0.034938831365615756 -0.99891418210739735</Rotation>
<Translation>-19.002424605114886 19.180924008183709 4.0947369417273292</Translation>
</Transform>
</Instance>
<Instance name="6001 Ball_6" uid="6001 Ball_6" entityUid="6001 Ball.ipt_9632FE24-441F-6EE5-2601-439B336BD3F0">
<Transform>
<Rotation>-0.99952683474707738 -0.0050775171266517457 0.030336866027328095 0.0061258888487782147 -0.9993836671357057 0.034565291091951007 0.030142662562284581 0.034734776266551026 0.99894189781560894</Rotation>
<Translation>-18.891857559307187 18.406379674506326 4.1120396945098259</Translation>
</Transform>
</Instance>
<Instance name="6001 Ball_7" uid="6001 Ball_7" entityUid="6001 Ball.ipt_9632FE24-441F-6EE5-2601-439B336BD3F0">
<Transform>
<Rotation>-0.99256562277204297 -0.1181001469479203 0.029425155599506987 0.11908475088646547 -0.99229093622536546 0.034315011166435642 0.025145707337132575 0.037563987753203604 0.99897779766452277</Rotation>
<Translation>-18.266141601936599 17.936414754699229 4.1045632951942013</Translation>
</Transform>
</Instance>
<Instance name="6001 Ball_8" uid="6001 Ball_8" entityUid="6001 Ball.ipt_9632FE24-441F-6EE5-2601-439B336BD3F0">
<Transform>
<Rotation>0.032739335664624544 -0.99905336162530267 0.028644659632971119 0.99885098196850386 0.033709395175450838 0.034064534307049851 -0.03499788166289039 0.027496496179604764 0.99900905450204092</Rotation>
<Translation>-17.491812595748272 18.046328374236651 4.0766891472584321</Translation>
</Transform>
</Instance>
<Instance name="6001 Ball_9" uid="6001 Ball_9" entityUid="6001 Ball.ipt_9632FE24-441F-6EE5-2601-439B336BD3F0">
<Transform>
<Rotation>-0.99955337920031062 -0.0091776681443465399 0.028439629686427433 0.010141433586945003 -0.99937271296309749 0.033931282169058566 0.028110379827927173 0.034204546368382396 0.99901944703480627</Rotation>
<Translation>-17.022462112999719 18.671734506484484 4.0447411301348106</Translation>
</Transform>
</Instance>
<Instance name="6001 Ball_10" uid="6001 Ball_10" entityUid="6001 Ball.ipt_9632FE24-441F-6EE5-2601-439B336BD3F0">
<Transform>
<Rotation>-0.99956660275368303 -0.0050493625915154399 0.029001906780445071 0.0060402692088401587 -0.99939738508202891 0.034181600886089562 0.028811834501933482 0.03434196599891301 0.99899474851673886</Rotation>
<Translation>-17.13302915880741 19.446278840161867 4.0274383773523157</Translation>
</Transform>
</Instance>
<Instance name="6001 Ball_11" uid="6001 Ball_11" entityUid="6001 Ball.ipt_9632FE24-441F-6EE5-2601-439B336BD3F0">
<Transform>
<Rotation>-0.9995496913303219 -0.00027593827894659161 0.030005639796227199 0.0013194206766572085 -0.9993947489905608 0.03476197375374656 0.02997788669323696 0.03478591019715159 0.99894507694930779</Rotation>
<Translation>-17.758745116178005 19.916243759968992 4.0349147766679403</Translation>
</Transform>
</Instance>
<Instance name="6001 Ball_12" uid="6001 Ball_12" entityUid="6001 Ball.ipt_9632FE24-441F-6EE5-2601-439B336BD3F0">
<Transform>
<Rotation>-0.99952044127841178 0.00058038026719385897 0.030960468752699193 0.00049571384147675617 -0.99939632918603094 0.034738040781460443 0.030961940094712963 0.034736729383930527 0.99891677225750442</Rotation>
<Translation>-18.533074063477077 19.806330189722388 4.0627907547603082</Translation>
</Transform>
</Instance>
</Instance>
<Instance name="6001 BEARING:2" uid="6001 BEARING:2" entityUid="6001 BEARING.iam_26F9CBA9-42B5-92C7-05C4-9E82945F1FE2">
<Transform>
<Rotation>0.97116608824291373 -0.23391988487981119 -0.046020826859911643 0.2321580798727616 0.97183190471361658 -0.040563221403934958 0.054213051904926271 0.028709518259427157 0.99811658064820552</Rotation>
<Translation>-6.9617543394675252 -19.594699360966843 -13.872179296107157</Translation>
</Transform>
<Instance name="6001 Outer_1" uid="6001 Outer_1" entityUid="6001 Outer.ipt_9495D21A-4D42-188C-D2B7-509EC4485D7D">
<Transform>
<Rotation>0.90137016614165288 -0.4318544576647862 0.032148887772474564 0.43114060622800432 0.90188341150926155 0.026908914988686604 -0.04061528346922208 -0.010394202210205275 0.99912079315238711</Rotation>
<Translation>-15.079817696951139 29.307396944656446 2.8967751228259218</Translation>
</Transform>
</Instance>
<Instance name="6001 Inner_2" uid="6001 Inner_2" entityUid="6001 Inner.ipt_1E93801D-429C-A587-22E7-3B9A44ED163B">
<Transform>
<Rotation>0.95767901630877983 0.28603732402449095 0.032148887772430135 -0.28691085520433457 0.9575792768529785 0.026908914988651937 -0.023088154669024412 -0.034993968120947433 0.99912079315121127</Rotation>
<Translation>-15.078853230317904 29.308204212105665 2.9267487466208948</Translation>
</Transform>
</Instance>
<Instance name="6001 Guide_3" uid="6001 Guide_3" entityUid="6001 Guide.ipt_CFE3FACB-4DD8-743D-BA66-D0B8B2BD4905">
<Transform>
<Rotation>0.96819681766013399 -0.24811564095777108 -0.03214888777245898 -0.24899242136891658 -0.96813154291914572 -0.026908914988672858 -0.024447829632401934 0.034057955269494504 -0.99912079315212143</Rotation>
<Translation>-15.079496208073365 29.307666033805916 2.9067663307575557</Translation>
</Transform>
</Instance>
<Instance name="6001 Guide_4" uid="6001 Guide_4" entityUid="6001 Guide.ipt_CFE3FACB-4DD8-743D-BA66-D0B8B2BD4905">
<Transform>
<Rotation>0.9681968176600888 0.24811564095775607 0.032148887772458445 -0.2489924213689047 0.96813154291917292 0.026908914988672414 -0.024447829632394648 -0.034057955269493977 0.99912079315210534</Rotation>
<Translation>-15.079496149184088 29.307666083096763 2.9067681609141545</Translation>
</Transform>
</Instance>
<Instance name="6001 Ball_5" uid="6001 Ball_5" entityUid="6001 Ball.ipt_9632FE24-441F-6EE5-2601-439B336BD3F0">
<Transform>
<Rotation>-0.99952107374671406 0.0017309829398651539 -0.030897036011881047 0.0028086097385390625 0.9993879535800092 -0.034868753210675757 0.030817768374668035 -0.034938831365568683 -0.9989141821072276</Rotation>
<Translation>-16.069477454130862 29.562260784655621 2.9317642365566847</Translation>
</Transform>
</Instance>
<Instance name="6001 Ball_6" uid="6001 Ball_6" entityUid="6001 Ball.ipt_9632FE24-441F-6EE5-2601-439B336BD3F0">
<Transform>
<Rotation>-0.99952683474708182 -0.0050775171266377291 0.030336866027289251 0.0061258888487660717 -0.99938366713566085 0.0345652910919102 0.03014266256225762 0.034734776266501413 0.99894189781544318</Rotation>
<Translation>-15.958910408323192 28.787716450978252 2.9490669893382879</Translation>
</Transform>
</Instance>
<Instance name="6001 Ball_7" uid="6001 Ball_7" entityUid="6001 Ball.ipt_9632FE24-441F-6EE5-2601-439B336BD3F0">
<Transform>
<Rotation>-0.99256562277204818 -0.11810014694790689 0.029425155599464216 0.11908475088644814 -0.99229093622532138 0.034315011166390796 0.025145707337108098 0.03756398775314683 0.99897779766435668</Rotation>
<Translation>-15.333194450952689 28.317751531171098 2.9415905900206134</Translation>
</Transform>
</Instance>
<Instance name="6001 Ball_8" uid="6001 Ball_8" entityUid="6001 Ball.ipt_9632FE24-441F-6EE5-2601-439B336BD3F0">
<Transform>
<Rotation>0.032739335664611936 -0.99905336162535463 0.02864465963292943 0.99885098196850597 0.033709395175438459 0.0340645343070064 -0.034997881662837377 0.027496496179576734 0.99900905450192257</Rotation>
<Translation>-14.558865444764429 28.427665150708435 2.913716442082837</Translation>
</Transform>
</Instance>
<Instance name="6001 Ball_9" uid="6001 Ball_9" entityUid="6001 Ball.ipt_9632FE24-441F-6EE5-2601-439B336BD3F0">
<Transform>
<Rotation>-0.99955337920031184 -0.0091776681443352451 0.02843962968638767 0.010141433586935247 -0.99937271296304897 0.033931282169013775 0.028110379827899736 0.034204546368328877 0.99901944703463741</Rotation>
<Translation>-14.089514962015876 29.053071282956211 2.8817684249584268</Translation>
</Transform>
</Instance>
<Instance name="6001 Ball_10" uid="6001 Ball_10" entityUid="6001 Ball.ipt_9632FE24-441F-6EE5-2601-439B336BD3F0">
<Transform>
<Rotation>-0.99956660275368359 -0.0050493625915043507 0.029001906780408638 0.0060402692088313654 -0.99939738508198028 0.034181600886047388 0.028811834501909019 0.034341965998862183 0.99899474851656989</Rotation>
<Translation>-14.200082007823525 29.82761561663358 2.86446567217682</Translation>
</Transform>
</Instance>
<Instance name="6001 Ball_11" uid="6001 Ball_11" entityUid="6001 Ball.ipt_9632FE24-441F-6EE5-2601-439B336BD3F0">
<Transform>
<Rotation>-0.99954969133032301 -0.0002759382789354619 0.030005639796193181 0.001319420676648435 -0.99939474899051217 0.034761973753707279 0.029977886693214516 0.034785910197103725 0.99894507694913892</Rotation>
<Translation>-14.825797965194035 30.297580536440734 2.8719420714944945</Translation>
</Transform>
</Instance>
<Instance name="6001 Ball_12" uid="6001 Ball_12" entityUid="6001 Ball.ipt_9632FE24-441F-6EE5-2601-439B336BD3F0">
<Transform>
<Rotation>-0.99952044127841311 0.00058038026720528754 0.03096046875266701 0.00049571384146802097 -0.99939632918598209 0.034738040781424492 0.03096194009469215 0.034736729383885993 0.99891677225733522</Rotation>
<Translation>-15.600126912493046 30.187666966194243 2.8998180495888732</Translation>
</Transform>
</Instance>
</Instance>
<Instance name="6001 BEARING:3" uid="6001 BEARING:3" entityUid="6001 BEARING.iam_26F9CBA9-42B5-92C7-05C4-9E82945F1FE2">
<Transform>
<Rotation>-0.65200313950170996 0.7579074296274374 0.021638719827978922 0.75712572496375674 0.65233027952190981 -0.035012041042870812 -0.040651478186705253 -0.0064447292432710662 -0.99915260235209025</Rotation>
<Translation>-4.589368398307812 2.680221217342222 -2.8811214097473048</Translation>
</Transform>
<Instance name="6001 Outer_1" uid="6001 Outer_1" entityUid="6001 Outer.ipt_9495D21A-4D42-188C-D2B7-509EC4485D7D">
<Transform>
<Rotation>0.93191102320653296 -0.36125931661493266 0.03214888777161317 0.36050810998195504 0.93236785279823231 0.026908914987260127 -0.039695685700602376 -0.013486779730526623 0.99912079315254276</Rotation>
<Translation>-22.857837723652906 2.954111989547016 4.6458146018362747</Translation>
</Transform>
</Instance>
<Instance name="6001 Inner_2" uid="6001 Inner_2" entityUid="6001 Inner.ipt_1E93801D-429C-A587-22E7-3B9A44ED163B">
<Transform>
<Rotation>0.86339396532824786 -0.50350502445158896 0.032148887771569198 0.50283513018719905 0.86396339166780634 0.026908914987172641 -0.041324236016104327 -0.0070674046454536274 0.99912079315138458</Rotation>
<Translation>-22.85687325701975 2.9549192569966465 4.6757882256312335</Translation>
</Transform>
</Instance>
<Instance name="6001 Guide_3" uid="6001 Guide_3" entityUid="6001 Guide.ipt_CFE3FACB-4DD8-743D-BA66-D0B8B2BD4905">
<Transform>
<Rotation>0.80573962525169585 0.59139674104127082 -0.032148887771597356 0.5907903542766878 -0.80637625683541259 -0.026908914987196199 -0.041837944411078437 0.0026883262815107813 -0.99912079315225866</Rotation>
<Translation>-22.857516234775197 2.954381078696926 4.655805809767898</Translation>
</Transform>
</Instance>
<Instance name="6001 Guide_4" uid="6001 Guide_4" entityUid="6001 Guide.ipt_CFE3FACB-4DD8-743D-BA66-D0B8B2BD4905">
<Transform>
<Rotation>0.80573962525165965 -0.59139674104129836 0.032148887771681518 0.59079035427666127 0.80637625683542025 0.0269089149872309 -0.041837944411159927 -0.0026883262814877337 0.99912079315223601</Rotation>
<Translation>-22.857516175885909 2.9543811279877872 4.655807639924495</Translation>
</Transform>
</Instance>
<Instance name="6001 Ball_5" uid="6001 Ball_5" entityUid="6001 Ball.ipt_9632FE24-441F-6EE5-2601-439B336BD3F0">
<Transform>
<Rotation>-0.55986467891406499 -0.70844516775393962 -0.42971733219711017 -0.66571401365336513 0.69337505271308553 -0.2757823205008556 0.49333193017466104 0.13166806963597616 -0.85981807733295945</Rotation>
<Translation>-23.681385001595061 2.3502979414489999 4.6985851079282295</Translation>
</Transform>
</Instance>
<Instance name="6001 Ball_6" uid="6001 Ball_6" entityUid="6001 Ball.ipt_9632FE24-441F-6EE5-2601-439B336BD3F0">
<Transform>
<Rotation>-0.52554059323180957 0.70714720711386958 0.47302210554758417 -0.6690254767948034 -0.68697019673836257 0.28368443769957513 0.52555874673050185 -0.16737615201919329 0.83413022212984234</Rotation>
<Translation>-23.012489716105257 1.9442063088659154 4.6879990463443981</Translation>
</Transform>
</Instance>
<Instance name="6001 Ball_7" uid="6001 Ball_7" entityUid="6001 Ball.ipt_9632FE24-441F-6EE5-2601-439B336BD3F0">
<Transform>
<Rotation>-0.60590737689970098 0.62942160696988048 0.48652306347997476 -0.60863032843807208 -0.76058634102277223 0.22600340960933069 0.51229422593238905 -0.15917555883174889 0.84392995417090533</Rotation>
<Translation>-22.252813067060504 2.1298613560827135 4.6585546233907476</Translation>
</Transform>
</Instance>
<Instance name="6001 Ball_8" uid="6001 Ball_8" entityUid="6001 Ball.ipt_9632FE24-441F-6EE5-2601-439B336BD3F0">
<Transform>
<Rotation>-0.66614168311007194 -0.59279557088124379 0.45260210910565907 0.70827258345078714 -0.69293686294637868 0.13486456725965479 0.23367756750625376 0.41040457491777554 0.88145497861828448</Rotation>
<Translation>-21.847363273563758 2.7985089236536282 4.6275018128537848</Translation>
</Transform>
</Instance>
<Instance name="6001 Ball_9" uid="6001 Ball_9" entityUid="6001 Ball.ipt_9632FE24-441F-6EE5-2601-439B336BD3F0">
<Transform>
<Rotation>-0.61753354141624572 0.68154727892650291 0.39261384567260832 -0.71693066602340039 -0.69305083584182281 0.075438445466247506 0.32351622114042156 -0.23489113548036455 0.91660428164602281</Rotation>
<Translation>-22.033647467955351 3.5584642159448236 4.6130265116075764</Translation>
</Transform>
</Instance>
<Instance name="6001 Ball_10" uid="6001 Ball_10" entityUid="6001 Ball.ipt_9632FE24-441F-6EE5-2601-439B336BD3F0">
<Transform>
<Rotation>-0.63335049857246351 0.69058244605700536 0.34923205917550765 -0.71383391931841178 -0.69561910730717491 0.080964147496521865 0.29884491226776744 -0.19801500636948122 0.93353188251082475</Rotation>
<Translation>-22.70254275344514 3.9645558485279366 4.6236125731913997</Translation>
</Transform>
</Instance>
<Instance name="6001 Ball_11" uid="6001 Ball_11" entityUid="6001 Ball.ipt_9632FE24-441F-6EE5-2601-439B336BD3F0">
<Transform>
<Rotation>-0.63005447067051346 0.69133881478181025 0.35366934722173266 -0.69716421884984625 -0.70417844903359694 0.13451677914785115 0.34204300306164326 -0.16181271610467807 0.92564746473129533</Rotation>
<Translation>-23.462219402489907 3.7789008013111243 4.6530569961450539</Translation>
</Transform>
</Instance>
<Instance name="6001 Ball_12" uid="6001 Ball_12" entityUid="6001 Ball.ipt_9632FE24-441F-6EE5-2601-439B336BD3F0">
<Transform>
<Rotation>-0.334327401053232 0.91113773576869717 0.24094234862999148 -0.67482866394401886 -0.40989714129237842 0.61366978732869404 0.65789928045597557 0.042571821888954607 0.75190170684513524</Rotation>
<Translation>-23.867669137097369 3.1102532830310281 4.6841116368385389</Translation>
</Transform>
</Instance>
</Instance>
<Instance name="6001 BEARING:4" uid="6001 BEARING:4" entityUid="6001 BEARING.iam_26F9CBA9-42B5-92C7-05C4-9E82945F1FE2">
<Transform>
<Rotation>-0.65200313950167244 0.75790742962763769 0.021638719827970821 0.75712572496369901 0.65233027952166267 -0.035012041042862541 -0.040651478186672196 -0.0064447292432670694 -0.99915260235202485</Rotation>
<Translation>-4.5135776496039526 2.7051079877547295 -6.4802374694315361</Translation>
</Transform>
<Instance name="6001 Outer_1" uid="6001 Outer_1" entityUid="6001 Outer.ipt_9495D21A-4D42-188C-D2B7-509EC4485D7D">
<Transform>
<Rotation>0.9319110232067338 -0.36125931661490029 0.032148887771585283 0.36050810998197513 0.93236785279802592 0.026908914987248331 -0.039695685700580699 -0.013486779730540494 0.999120793152527</Rotation>
<Translation>-22.857837723657848 2.9541119895419286 4.6458146018364594</Translation>
</Transform>
</Instance>
<Instance name="6001 Inner_2" uid="6001 Inner_2" entityUid="6001 Inner.ipt_1E93801D-429C-A587-22E7-3B9A44ED163B">
<Transform>
<Rotation>0.97031658139054966 -0.23969184569322602 0.032148887771549797 0.2388885977173531 0.97067406897118591 0.026908914987200258 -0.037655939205037361 -0.018430163681383512 0.99912079315140345</Rotation>
<Translation>-22.85687325702467 2.954919256991559 4.6757882256314112</Translation>
</Transform>
</Instance>
<Instance name="6001 Guide_3" uid="6001 Guide_3" entityUid="6001 Guide.ipt_CFE3FACB-4DD8-743D-BA66-D0B8B2BD4905">
<Transform>
<Rotation>-0.99933263340891409 -0.017341765167408724 -0.032148887771596107 -0.016479035737651783 0.99950205186154506 -0.026908914987204227 0.032599527377393522 -0.026361174205824622 -0.99912079315232372</Rotation>
<Translation>-22.857516234780125 2.9543810786918243 4.6558058097680561</Translation>
</Transform>
</Instance>
<Instance name="6001 Guide_4" uid="6001 Guide_4" entityUid="6001 Guide.ipt_CFE3FACB-4DD8-743D-BA66-D0B8B2BD4905">
<Transform>
<Rotation>-0.9993326334088698 0.017341765167425912 0.032148887771649648 -0.016479035737649434 -0.99950205186156516 0.026908914987226237 0.032599527377452406 0.026361174205846744 0.99912079315230473</Rotation>
<Translation>-22.857516175890844 2.9543811279826997 4.6558076399246566</Translation>
</Transform>
</Instance>
<Instance name="6001 Ball_5" uid="6001 Ball_5" entityUid="6001 Ball.ipt_9632FE24-441F-6EE5-2601-439B336BD3F0">
<Transform>
<Rotation>-0.53225809257993062 -0.60095615262827273 -0.5962826724812933 -0.51427275160948627 0.78900845670872055 -0.33613865025338929 0.6724766611825409 0.12773941388774879 -0.72901151040599677</Rotation>
<Translation>-21.835698617119512 2.9712308927335727 4.6224727930246701</Translation>
</Transform>
</Instance>
<Instance name="6001 Ball_6" uid="6001 Ball_6" entityUid="6001 Ball.ipt_9632FE24-441F-6EE5-2601-439B336BD3F0">
<Transform>
<Rotation>-0.57273184435886126 0.59227880901796004 0.56673101807259996 -0.53018722079882374 -0.79492284362000698 0.29495624013190053 0.62520376307165615 -0.13154271199649817 0.76929628204073008</Rotation>
<Translation>-22.147520453738373 3.6889523554139743 4.6131762388369992</Translation>
</Transform>
</Instance>
<Instance name="6001 Ball_7" uid="6001 Ball_7" entityUid="6001 Ball.ipt_9632FE24-441F-6EE5-2601-439B336BD3F0">
<Transform>
<Rotation>-0.67389674045834891 0.49482012361979438 0.54864945863504944 -0.40977213648441679 -0.86823657615861105 0.27973566805361283 0.61477636532371571 -0.036308305954633878 0.78786529785115933</Rotation>
<Translation>-22.875248189663793 3.9763719267202475 4.6288515091426046</Translation>
</Transform>
</Instance>
<Instance name="6001 Ball_8" uid="6001 Ball_8" entityUid="6001 Ball.ipt_9632FE24-441F-6EE5-2601-439B336BD3F0">
<Transform>
<Rotation>-0.53646718387094738 -0.64629909159877574 0.54267895189356319 0.84329213820957361 -0.43535933475206523 0.31515174008450642 0.032578064147937472 0.62670546019877749 0.77857493916355702</Rotation>
<Translation>-23.592588728016466 3.6651231691635644 4.660318073346934</Translation>
</Transform>
</Instance>
<Instance name="6001 Ball_9" uid="6001 Ball_9" entityUid="6001 Ball.ipt_9632FE24-441F-6EE5-2601-439B336BD3F0">
<Transform>
<Rotation>-0.62316876040115698 0.55236834351120645 0.55366949450624348 -0.41060575010909051 -0.8335950579227045 0.36948910320092826 0.66563023822349421 0.0029141883192006501 0.74627601694614598</Rotation>
<Translation>-23.879333852440737 2.937531264650076 4.6891388265114422</Translation>
</Transform>
</Instance>
<Instance name="6001 Ball_10" uid="6001 Ball_10" entityUid="6001 Ball.ipt_9632FE24-441F-6EE5-2601-439B336BD3F0">
<Transform>
<Rotation>-0.58330287193701602 0.57725715879056794 0.57142972640132328 -0.39976404279092176 -0.81643156061379396 0.41668719313797931 0.70706892852218362 0.014617778859653881 0.7069935295741564</Rotation>
<Translation>-23.567512015821887 2.2198098019696744 4.6984353806991077</Translation>
</Transform>
</Instance>
<Instance name="6001 Ball_11" uid="6001 Ball_11" entityUid="6001 Ball.ipt_9632FE24-441F-6EE5-2601-439B336BD3F0">
<Transform>
<Rotation>-0.53346251302347447 0.60641558897828807 0.5896421632166825 -0.42743632644781737 -0.79483641833879581 0.43073571353581447 0.72987391653047096 -0.022253123972307279 0.68321948482314132</Rotation>
<Translation>-22.839784279896449 1.9323902306633869 4.6827601103935166</Translation>
</Transform>
</Instance>
<Instance name="6001 Ball_12" uid="6001 Ball_12" entityUid="6001 Ball.ipt_9632FE24-441F-6EE5-2601-439B336BD3F0">
<Transform>
<Rotation>-0.51297020343962607 0.60845904475188073 0.60550735853726334 -0.47059033703564013 -0.78927436633854187 0.39444988189834213 0.71791803506516594 -0.082604875767480268 0.69120917921252156</Rotation>
<Translation>-22.122443682654467 2.2436390375109738 4.6512953763458071</Translation>
</Transform>
</Instance>
</Instance>
<Instance name="Alkar:1" uid="Alkar:1" entityUid="Alkar.ipt_492C2511-4063-D4C6-D0D3-44B6A300CABA">
<Transform>
<Rotation>0.91582192938923956 -0.40103237455237706 0.02105298575076885 -0.40124503650766929 -0.91594466602573077 0.0069129917794034518 0.016511036493790706 -0.014778475505439925 -0.99975446102230814</Rotation>
<Translation>-28.33777393638578 5.8239954348108682 -11.76791328014272</Translation>
</Transform>
</Instance>
<Instance name="Felkar:1" uid="Felkar:1" entityUid="Felkar.ipt_6B5E5499-4E8F-0261-41E3-C88E5E76EF61">
<Transform>
<Rotation>-0.9158219293893447 -0.4010323745524218 -0.021052985750771719 0.40124503650771448 -0.91594466602583513 -0.0069129917794045898 -0.01651103649379284 -0.014778475505442118 0.9997544610224216</Rotation>
<Translation>5.1647783126947289 -8.8833768435258804 -9.3636661323013364</Translation>
</Transform>
</Instance>
<Instance name="KisTenge:1" uid="KisTenge:1" entityUid="KisTenge.ipt_291A8482-477D-E71A-F712-44B349AFDEA7">
<Transform>
<Rotation>-0.021052985750808485 0.89156211937771124 -0.45240884063259024 -0.0069129917794327062 0.45236850194577716 0.89180432214289096 0.99975446102347809 0.021902642282791693 -0.0033603460234776922</Rotation>
<Translation>13.021667401708591 -12.688995966201254 -10.363922625969312</Translation>
</Transform>
</Instance>
<Instance name="SpanoloAnya:1" uid="SpanoloAnya:1" entityUid="SpanoloAnya.ipt_F1BF522E-48B0-A3CB-5244-2BADC04C7D1E">
<Transform>
<Rotation>-0.34854440334049308 -0.91582192938993479 0.19946677053685921 -0.81461220281419278 0.40124503650797294 0.41881902977755325 -0.46359870354231492 -0.016511036493803481 -0.88589143112893454</Rotation>
<Translation>-1.1542626452413316 -6.7795136403055309 -8.8820385641786377</Translation>
</Transform>
</Instance>
<Instance name="SpanoloAnya:2" uid="SpanoloAnya:2" entityUid="SpanoloAnya.ipt_F1BF522E-48B0-A3CB-5244-2BADC04C7D1E">
<Transform>
<Rotation>0.95629973569008897 0.021052985750774605 -0.29162919488834416 0.29154763166930436 0.0069129917794473611 0.95653133195617668 0.022153870728739724 -0.99975446102371301 0.00047294407630703306</Rotation>
<Translation>12.628854471777167 -12.869726692301164 -5.4431200001290545</Translation>
</Transform>
</Instance>
<Instance name="Szij:1" uid="Szij:1" entityUid="Szij.ipt_E96650E8-4116-A07C-F2E6-9F86C8D834FE">
<Transform>
<Rotation>0.94294867975100516 0.33227181515680365 -0.021052985750814733 -0.33247482761628622 0.94308679322051958 -0.0069129917794694823 0.017557800492717855 0.013518184279885243 0.99975446102351451</Rotation>
<Translation>-20.366794901962294 19.537211598675796 -10.685035132709507</Translation>
</Transform>
</Instance>
</Instance>
<Instance name="KarMerev:2" uid="KarMerev:2" entityUid="KarMerev.iam_2E8240F6-4637-0C8C-4DEA-7B88AEE5B33C" rigid="true">
<Transform>
<Rotation>-0.22371298206367946 0.97250139509644284 -0.064757533860107908 -0.97234527463115694 -0.2272611445880896 -0.053824149440266075 -0.067060931686288752 0.050925521067319908 0.99644840445724125</Rotation>
<Translation>47.929741989047486 -37.446426421948182 -44.693214292557442</Translation>
</Transform>
<Instance name="NagyKerek:1" grounded="true" uid="NagyKerek:1" entityUid="NagyKerek.ipt_0D8A366C-48C6-B62C-3AAC-4290D213B281">
<Transform>
<Rotation>0.77639692626322998 -0.6298925183555939 -0.021052985750810577 0.62990405031176033 0.77664219428635317 -0.0069129917794680112 0.020705078851125228 -0.0078941354267274416 0.999754461023316</Rotation>
<Translation>-28.595656809432445 5.2687599819365545 -10.956981707408175</Translation>
</Transform>
</Instance>
<Instance name="KissKerek:1" uid="KissKerek:1" entityUid="KissKerek.ipt_0D8A366C-48C6-B62C-3AAC-4290D213B281">
<Transform>
<Rotation>-0.33523610169189449 0.94189889474092858 0.021052985750814691 0.94213399217837535 0.33516525972642025 0.0069129917794695725 -0.00054489012075269183 0.022152217927858302 -0.99975446102351451</Rotation>
<Translation>12.664012957980948 -12.858181996029515 -7.1127099500376261</Translation>
</Transform>
</Instance>
<Instance name="6001 BEARING:1" uid="6001 BEARING:1" entityUid="6001 BEARING.iam_26F9CBA9-42B5-92C7-05C4-9E82945F1FE2">
<Transform>
<Rotation>0.94943541643106677 -0.31396073604359387 -0.0010228634490154487 -0.31363510732960853 -0.94858935060476079 0.042558939952340731 -0.014332113487525638 -0.040086158988892784 -0.99909343425966257</Rotation>
<Translation>-5.6864572724397995 17.353979360217963 0.19797720196046242</Translation>
</Transform>
<Instance name="6001 Outer_1" uid="6001 Outer_1" entityUid="6001 Outer.ipt_9495D21A-4D42-188C-D2B7-509EC4485D7D">
<Transform>
<Rotation>0.53928196703565079 0.84151138378838808 0.032148887769814546 -0.84210841154264393 0.53863655047108705 0.026908914989445296 0.0053275922792134674 -0.041584341418940921 0.99912079315244939</Rotation>
<Translation>-18.012764847935053 18.926060168184165 4.0597478279995087</Translation>
</Transform>
</Instance>
<Instance name="6001 Inner_2" uid="6001 Inner_2" entityUid="6001 Inner.ipt_1E93801D-429C-A587-22E7-3B9A44ED163B">
<Transform>
<Rotation>0.95767901630886543 0.28603732402449289 0.032148887769728879 -0.28691085520425724 0.95757927685297928 0.026908914989424465 -0.023088154666216894 -0.034993968120912607 0.99912079315127278</Rotation>
<Translation>-18.011800381301882 18.926867435633916 4.0897214517944604</Translation>
</Transform>
</Instance>
<Instance name="6001 Guide_3" uid="6001 Guide_3" entityUid="6001 Guide.ipt_CFE3FACB-4DD8-743D-BA66-D0B8B2BD4905">
<Transform>
<Rotation>0.96819681766022969 -0.24811564095774208 -0.032148887769764684 -0.24899242136882152 -0.96813154291919978 -0.026908914989435956 -0.024447829629592882 0.034057955269566141 -0.99912079315235802</Rotation>
<Translation>-18.012443359057304 18.926329257334096 4.0697390359310575</Translation>
</Transform>
</Instance>
<Instance name="6001 Guide_4" uid="6001 Guide_4" entityUid="6001 Guide.ipt_CFE3FACB-4DD8-743D-BA66-D0B8B2BD4905">
<Transform>
<Rotation>0.96819681766019339 0.24811564095772737 0.032148887769763906 -0.24899242136881189 0.96813154291922809 0.026908914989435304 -0.02444782962958577 -0.034057955269565801 0.99912079315233437</Rotation>
<Translation>-18.012443300168034 18.92632930662495 4.0697408660876562</Translation>
</Transform>
</Instance>
<Instance name="6001 Ball_5" uid="6001 Ball_5" entityUid="6001 Ball.ipt_9632FE24-441F-6EE5-2601-439B336BD3F0">
<Transform>
<Rotation>-0.9995210737467134 0.0017309829398787441 -0.030897036011916332 0.0028086097385503139 0.99938795358005839 -0.034868753210714129 0.030817768374691717 -0.034938831365615743 -0.99891418210739702</Rotation>
<Translation>-19.0024246051149 19.180924008183709 4.0947369417273194</Translation>
</Transform>
</Instance>
<Instance name="6001 Ball_6" uid="6001 Ball_6" entityUid="6001 Ball.ipt_9632FE24-441F-6EE5-2601-439B336BD3F0">
<Transform>
<Rotation>-0.99952683474707738 -0.005077517126652038 0.03033686602732806 0.0061258888487780256 -0.9993836671357057 0.034565291091950986 0.030142662562284567 0.034734776266551019 0.99894189781560849</Rotation>
<Translation>-18.891857559307187 18.406379674506319 4.1120396945098179</Translation>
</Transform>
</Instance>
<Instance name="6001 Ball_7" uid="6001 Ball_7" entityUid="6001 Ball.ipt_9632FE24-441F-6EE5-2601-439B336BD3F0">
<Transform>
<Rotation>-0.99256562277204285 -0.1181001469479205 0.02942515559950698 0.11908475088646543 -0.99229093622536524 0.034315011166435636 0.025145707337132568 0.037563987753203576 0.99897779766452244</Rotation>
<Translation>-18.266141601936599 17.936414754699214 4.1045632951941968</Translation>
</Transform>
</Instance>
<Instance name="6001 Ball_8" uid="6001 Ball_8" entityUid="6001 Ball.ipt_9632FE24-441F-6EE5-2601-439B336BD3F0">
<Transform>
<Rotation>0.032739335664624725 -0.99905336162530245 0.028644659632971095 0.99885098196850397 0.033709395175450657 0.034064534307049851 -0.03499788166289039 0.027496496179604757 0.99900905450204058</Rotation>
<Translation>-17.491812595748293 18.046328374236637 4.0766891472584206</Translation>
</Transform>
</Instance>
<Instance name="6001 Ball_9" uid="6001 Ball_9" entityUid="6001 Ball.ipt_9632FE24-441F-6EE5-2601-439B336BD3F0">
<Transform>
<Rotation>-0.9995533792003104 -0.0091776681443466353 0.028439629686427437 0.010141433586944831 -0.99937271296309738 0.03393128216905858 0.028110379827927134 0.034204546368382382 0.99901944703480594</Rotation>
<Translation>-17.02246211299973 18.671734506484484 4.0447411301348097</Translation>
</Transform>
</Instance>
<Instance name="6001 Ball_10" uid="6001 Ball_10" entityUid="6001 Ball.ipt_9632FE24-441F-6EE5-2601-439B336BD3F0">
<Transform>
<Rotation>-0.99956660275368292 -0.0050493625915155622 0.029001906780445064 0.0060402692088402108 -0.99939738508202891 0.034181600886089583 0.028811834501933448 0.034341965998912996 0.99899474851673853</Rotation>
<Translation>-17.133029158807418 19.446278840161867 4.0274383773523112</Translation>
</Transform>
</Instance>
<Instance name="6001 Ball_11" uid="6001 Ball_11" entityUid="6001 Ball.ipt_9632FE24-441F-6EE5-2601-439B336BD3F0">
<Transform>
<Rotation>-0.99954969133032168 -0.00027593827894658316 0.030005639796227196 0.0013194206766570082 -0.99939474899056069 0.034761973753746567 0.029977886693236935 0.03478591019715159 0.99894507694930745</Rotation>
<Translation>-17.758745116178009 19.916243759968985 4.0349147766679252</Translation>
</Transform>
</Instance>
<Instance name="6001 Ball_12" uid="6001 Ball_12" entityUid="6001 Ball.ipt_9632FE24-441F-6EE5-2601-439B336BD3F0">
<Transform>
<Rotation>-0.99952044127841189 0.00058038026719374903 0.030960468752699172 0.00049571384147679368 -0.99939632918603094 0.034738040781460436 0.030961940094712967 0.034736729383930506 0.99891677225750397</Rotation>
<Translation>-18.533074063477081 19.806330189722388 4.0627907547603002</Translation>
</Transform>
</Instance>
</Instance>
<Instance name="6001 BEARING:2" uid="6001 BEARING:2" entityUid="6001 BEARING.iam_26F9CBA9-42B5-92C7-05C4-9E82945F1FE2">
<Transform>
<Rotation>0.97116608824291373 -0.23391988487981114 -0.046020826859911636 0.23215807987276163 0.97183190471361658 -0.040563221403934931 0.054213051904926264 0.02870951825942715 0.99811658064820552</Rotation>
<Translation>-6.9617543394675288 -19.59469936096685 -13.872179296107156</Translation>
</Transform>
<Instance name="6001 Outer_1" uid="6001 Outer_1" entityUid="6001 Outer.ipt_9495D21A-4D42-188C-D2B7-509EC4485D7D">
<Transform>
<Rotation>0.90137016614165288 -0.4318544576647862 0.032148887772474564 0.43114060622800437 0.90188341150926177 0.026908914988686611 -0.040615283469222101 -0.010394202210205303 0.99912079315238744</Rotation>
<Translation>-15.079817696951141 29.307396944656457 2.8967751228259289</Translation>
</Transform>
</Instance>
<Instance name="6001 Inner_2" uid="6001 Inner_2" entityUid="6001 Inner.ipt_1E93801D-429C-A587-22E7-3B9A44ED163B">
<Transform>
<Rotation>0.95767901630877972 0.28603732402449089 0.032148887772430149 -0.28691085520433462 0.9575792768529785 0.026908914988651916 -0.023088154669024412 -0.034993968120947468 0.99912079315121149</Rotation>
<Translation>-15.078853230317913 29.308204212105668 2.926748746620909</Translation>
</Transform>
</Instance>
<Instance name="6001 Guide_3" uid="6001 Guide_3" entityUid="6001 Guide.ipt_CFE3FACB-4DD8-743D-BA66-D0B8B2BD4905">
<Transform>
<Rotation>0.9681968176601341 -0.24811564095777106 -0.032148887772458987 -0.24899242136891661 -0.96813154291914605 -0.026908914988672858 -0.024447829632401934 0.034057955269494532 -0.99912079315212177</Rotation>
<Translation>-15.079496208073369 29.307666033805926 2.9067663307575629</Translation>
</Transform>
</Instance>
<Instance name="6001 Guide_4" uid="6001 Guide_4" entityUid="6001 Guide.ipt_CFE3FACB-4DD8-743D-BA66-D0B8B2BD4905">
<Transform>
<Rotation>0.96819681766008869 0.24811564095775607 0.032148887772458452 -0.24899242136890473 0.96813154291917303 0.026908914988672442 -0.024447829632394651 -0.034057955269494011 0.99912079315210567</Rotation>
<Translation>-15.079496149184093 29.307666083096787 2.9067681609141616</Translation>
</Transform>
</Instance>
<Instance name="6001 Ball_5" uid="6001 Ball_5" entityUid="6001 Ball.ipt_9632FE24-441F-6EE5-2601-439B336BD3F0">
<Transform>
<Rotation>-0.99952107374671417 0.0017309829398651359 -0.030897036011881047 0.0028086097385390707 0.99938795358000942 -0.034868753210675764 0.030817768374668039 -0.034938831365568711 -0.99891418210722793</Rotation>
<Translation>-16.069477454130855 29.562260784655631 2.9317642365566883</Translation>
</Transform>
</Instance>
<Instance name="6001 Ball_6" uid="6001 Ball_6" entityUid="6001 Ball.ipt_9632FE24-441F-6EE5-2601-439B336BD3F0">
<Transform>
<Rotation>-0.99952683474708204 -0.0050775171266377057 0.030336866027289258 0.0061258888487660673 -0.99938366713566085 0.0345652910919102 0.030142662562257626 0.034734776266501413 0.99894189781544351</Rotation>
<Translation>-15.958910408323193 28.787716450978255 2.9490669893383057</Translation>
</Transform>
</Instance>
<Instance name="6001 Ball_7" uid="6001 Ball_7" entityUid="6001 Ball.ipt_9632FE24-441F-6EE5-2601-439B336BD3F0">
<Transform>
<Rotation>-0.99256562277204807 -0.11810014694790692 0.029425155599464223 0.11908475088644817 -0.9922909362253215 0.034315011166390796 0.025145707337108102 0.037563987753146857 0.99897779766435668</Rotation>
<Translation>-15.333194450952691 28.317751531171094 2.9415905900206241</Translation>
</Transform>
</Instance>
<Instance name="6001 Ball_8" uid="6001 Ball_8" entityUid="6001 Ball.ipt_9632FE24-441F-6EE5-2601-439B336BD3F0">
<Transform>
<Rotation>0.032739335664611929 -0.99905336162535452 0.028644659632929437 0.99885098196850641 0.033709395175438459 0.0340645343070064 -0.034997881662837418 0.027496496179576734 0.99900905450192279</Rotation>
<Translation>-14.558865444764439 28.427665150708439 2.9137164420828441</Translation>
</Transform>
</Instance>
<Instance name="6001 Ball_9" uid="6001 Ball_9" entityUid="6001 Ball.ipt_9632FE24-441F-6EE5-2601-439B336BD3F0">
<Transform>
<Rotation>-0.99955337920031173 -0.0091776681443352347 0.02843962968638767 0.010141433586935245 -0.99937271296304919 0.033931282169013796 0.028110379827899743 0.034204546368328897 0.99901944703463763</Rotation>
<Translation>-14.089514962015887 29.053071282956207 2.8817684249584303</Translation>
</Transform>
</Instance>
<Instance name="6001 Ball_10" uid="6001 Ball_10" entityUid="6001 Ball.ipt_9632FE24-441F-6EE5-2601-439B336BD3F0">
<Transform>
